11/22/2015, 11:40 PM
Calob: 0 26 47 47 53 53 53 78 81 81 81
Gunnar: 14 14 16 36 38 59 74 74 74 74 100
Zachistan: 0 26 29 35 35 38 44 48 62 76 102
Miah: 12 38 38 38 56 58 63 63 69 81 107

11/23/2015, 11:20 PM
Austin: 0 1 16 16 17 17 20 20 24 24 26 51 51
Zach: 13 35 36 40 50 64 64 68 68 68 68 68 68
Miah: 0 3 8 28 42 44 61 80 84 99 99 99 106
Calob: 13 13 18 20 21 31 37 40 58 69 93 94 113

11/23/2015, 11:40 PM
Gunnar: 2 5 22 22 28 28 28 29 29
DWhite: 13 13 14 36 37 38 40 40 40
Travis: 0 23 28 28 45 51 52 52 53
Amanda: 11 11 14 18 20 39 62 87 112

11/24/2015, 11:30 PM
Zach: 6 6 26 26 26 26 29 29 29 33
Candy: 0 11 17 21 37 38 38 49 49 49
Gunnar: 0 2 2 20 26 51 72 72 77 77
Landon: 20 33 33 37 41 41 43 58 79 101

11/29/2015, 11:25 PM
Calob: 23 23 24 24 24 33 33 55 58
Zach: 1 27 40 66 67 67 77 77 81
Gunnar: 2 28 34 60 68 71 84 84 86
Austin: 0 26 32 58 75 89 92 96 113

11/30/2015, 12:25 AM
Calob: 0 0 24 29 29 30 30 35 39 46
Austin: 3 3 5 12 38 39 42 55 69 69
Zach: 14 39 39 39 65 65 74 81 84 87
Gunnar: 9 10 10 25 51 75 89 90 95 111

11/30/2015, 11:20 PM
Zach: 26 27 27 27 30 30 31 31 33 36 36
Austin: 26 26 41 63 63 76 76 81 81 87 113
Gunnar: 26 26 31 35 35 47 48 68 92 93 119
Calob: 0 25 31 31 54 55 79 80 80 96 122

12/1/2015, 11:30 PM
Gunnar: 1 1 3 29 43 43 43 44
Carl: 4 17 27 27 31 39 39 53
Sydney: 0 13 13 39 39 42 62 62
Austin: 21 21 35 61 69 84 90 101

12/2/2015, 12:30 AM
Zach: 1 2 2 2 2 25 25 36 41
Austin: 13 13 19 21 21 23 49 49 67
Sydney: 9 10 29 35 36 37 63 76 79
Gunnar: 3 27 28 46 71 71 97 99 100

12/2/2015, 11:20 PM
Calob: 3 5 6 9 12 12 12 12 32 32
Zachistan: 1 11 17 18 25 41 42 49 49 75
Gunnar: 22 35 35 39 39 42 67 68 72 98
Megartha: 0 1 20 38 54 61 61 79 81 107

12/3/2015, 11:40 PM
Gunnar: 0 0 2 2 6 8 10 10 11 11
Zach: 6 6 20 20 26 46 46 46 54 55
Calob: 3 4 14 33 49 49 50 72 73 73
Austin: 17 42 42 49 49 53 76 80 96 121

12/6/2015, 11:15 PM
Zach: 2 4 9 11 11 13 13
Gunnar: 4 10 10 10 11 14 14
Austin: 3 3 18 27 28 33 46
Sydney: 17 35 41 56 80 96 109

12/7/2015, 12:30 AM
Sydlob: 4 5 29 29 29 30
Gunnar: 0 6 8 34 60 61
Zach: 6 10 10 36 62 65
Austin: 16 31 31 57 83 104

12/8/2015, 11:40 PM
Randy: 5 5 8 19 21 22 22 39 39 49 49
Zartha: 0 18 19 19 19 23 27 27 52 55 64
Gunnar: 16 24 42 43 45 45 50 59 60 73 73
Austlob: 5 5 9 23 45 66 83 83 83 83 100

12/10/2015, 11:45 PM
Gunnach: 6 7 11 11 29 29 29 30 30 33 33
Ashley: 3 11 20 28 33 34 37 41 58 58 59
Austin: 17 21 34 52 52 59 80 80 80 83 88
Sydney: 0 13 13 13 16 34 36 57 66 86 106

12/11/2015, 11:45 PM
Zach: 0 0 0 18 18 23 23
Travis: 1 1 2 2 3 5 24
Gunnar: 24 26 26 34 34 34 35
Austin: 1 25 50 54 79 98 104

12/12/2015, 11:40 PM
Zach: 0 2 28 32 36 62 62 62 62
Gunnar: 0 22 22 39 40 66 67 67 68
Austlob: 24 26 52 53 58 84 86 90 98
Ashley: 2 2 28 30 46 46 69 87 104

12/14/2015, 12:00 AM
Austley: 0 8 8 11 11 12 14 14 33 33 49 75
Gunnar: 3 7 7 8 23 23 46 47 47 72 77 77
Calob: 23 23 44 52 63 64 65 65 65 66 70 96
Zach: 0 14 19 33 33 57 57 82 89 89 90 116

12/14/2015, 11:45 PM
Zach: 2 2 2 2 2 10 36 40 48
Martha: 13 18 19 20 24 24 50 50 53
Gunnar: 6 27 51 62 62 75 75 75 75
Ashley: 5 5 6 20 42 47 73 95 110

12/14/2015, 11:50 PM
Calob: 5 9 9 9 9 34 34 37 51
Travis: 6 8 18 23 34 34 60 61 63
Austin: 15 15 29 29 30 31 57 64 65
Britt: 0 20 22 43 57 57 83 98 107

12/15/2015, 11:45 PM
Gunnar: 1 3 7 27 27 34 34 34 35
Ashley: 14 16 16 16 42 44 53 59 59
Randy: 5 5 27 30 56 56 56 72 76
Austin: 6 28 28 31 57 74 91 95 116

12/16/2015, 11:40 PM
Zach: 14 14 16 29 32 33 59 59 75 77 77
Ashley: 12 13 14 14 24 24 50 53 59 72 98
Gunlob: 0 0 19 23 36 49 49 70 73 74 100
Miah: 0 25 29 38 38 50 76 78 79 89 115

12/18/2015, 2:20 AM
Austney: 14 15 17 17 17 21 25 38 38 62 77 77
Zashley: 1 5 6 19 24 24 26 31 54 55 55 81
Gartha: 11 11 11 22 39 55 58 64 67 67 73 99
Lobecca: 0 21 44 46 48 54 71 73 73 74 79 105
EOF